-148.35,-42.76
-150.02,-47.08
-220.52,-106.60
-75.84,-14.08
-133.41,-30.98
-145.75,-40.78
-106.06,-15.80
-121.00,-17.59
-207.37,-94.59
-61.04,-9.74
-171.98,-69.70
-164.64,-65.40
-20.48,67.24
-31.85,-5.17
-158.84,-55.04
-55.73,-2.88
-57.58,-7.37
-213.36,-99.73
-136.50,-31.56
-86.78,9.72
-130.54,-34.79
-60.90,-1.97
-147.41,-40.18
-124.48,-34.74
-44.95,4.80
-65.47,21.29
-63.18,-5.24
-167.00,-60.24
-191.20,-78.30
-30.53,2.23
-130.59,-33.71
-166.87,-67.46
-75.78,-19.19
-157.82,-54.38
-128.64,-34.23
-176.54,-68.43
-179.68,-73.64
-169.87,-67.93
-72.15,-19.89
-170.59,-64.26
-171.24,-64.93
-223.93,-109.60
-171.05,-64.73
-171.05,-64.73
-165.14,-62.78
-169.13,-67.26
-163.70,-60.11
-200.87,-88.35
-114.20,-21.61
-56.50,1.62
-66.39,-16.21
-90.01,-23.35
-83.99,-12.25
23.90,10.25
-102.16,-2.06
-85.72,-75.85
-34.76,8.13
-161.43,-60.86
-162.07,-55.60
-127.79,-24.23
-148.37,-50.72
-148.17,-50.64
-39.94,12.34
-129.67,-27.48
-27.78,26.49
7.99,48.66
8.82,66.36
-62.46,32.58
44.22,79.03
-183.57,-72.39
-103.23,-14.51
-50.51,15.18
-168.58,-67.30
-71.00,-10.73
-77.00,-15.06
-63.30,-15.69
-167.33,-57.80
-111.08,-16.53
-149.64,-44.95
-92.83,-20.05
13.43,-1.21
-31.35,12.66
-109.86,-8.93
-60.12,-2.47
-152.46,-52.50
-99.37,-19.41
-58.00,-5.57
-61.79,-9.19
-75.50,-5.14
-133.87,-46.00
-162.18,-61.30
-49.92,22.97
-115.63,-16.74
-118.74,-74.06
-84.11,9.95
-107.19,-23.29
-162.95,-63.76
-109.40,-15.25
-52.81,1.85
-190.94,-80.05
-116.80,-31.72
-7.21,5.39
-101.02,-67.01
-101.03,-8.04
255.81,300.50
-137.13,-34.30
-112.99,-22.14
-45.02,-85.98
-118.16,-30.45
-86.46,-6.45
-65.78,6.75
-7.31,4.14
-54.14,-17.31
11.62,3.11
-90.40,-87.47
-166.50,-67.61
-118.99,-16.52
-129.40,-26.55
42.50,59.06
-126.12,-23.63
-73.20,-0.58
-64.64,29.10
-118.99,-31.63
-85.05,-0.83
-55.72,32.74
-106.26,-13.19
-25.83,-7.34
-5.47,8.80
-86.68,-67.14
-47.53,-4.13
-107.44,-16.19
-131.73,-44.37
-143.56,-41.61
-89.47,4.34
-84.58,11.32
244.70,162.97
214.01,136.49
27.37,97.80
-63.72,-55.60
-28.46,15.30
-50.52,21.98
-103.49,-24.94
197.64,138.34
776.12,-240.93
-119.12,-26.19
-82.35,6.99
-133.84,-33.21
-130.40,-37.41
-43.28,-6.01
-93.84,-59.77
-35.94,-9.75
-30.33,-11.43
-18.72,-8.09
-8.62,-6.45
-60.85,-61.30
-128.73,-30.94
-20.04,12.17
62.65,19.25
100.78,61.95
-18.14,68.48
75.03,71.54
90.15,79.27
59.04,79.69
125.59,81.33
99.24,93.00
67.31,50.91
19.10,34.10
-23.16,16.83
-35.40,12.64
-28.54,-66.14
177.38,154.39
20.40,38.20
-80.06,-8.98
-102.32,-16.68
115.34,41.70
14.78,73.09
80.59,82.91
119.46,79.55
80.58,53.59
76.88,110.20
113.65,87.11
-63.01,16.54
190.82,51.76
-18.37,71.12
43.58,92.66
-53.79,13.08
37.86,22.33
-64.21,10.05
26.31,-99.90
374.58,-76.22
-38.60,37.53
28.46,28.58
-67.47,-0.33
34.29,26.94
-77.86,-80.81
78.30,25.79
69.00,-33.01
-31.19,47.74
274.75,-128.74
19.90,35.02
-53.44,-104.83
-52.16,-12.18
-105.91,-8.25
-48.80,-4.03
-38.38,7.53
-126.04,-22.15
-114.17,-15.38
-3.62,11.03
-80.63,-8.67
-84.44,-22.84
-73.46,-12.24
-108.67,-11.99
40.62,133.67
-70.34,6.32
-119.69,-15.78
-35.73,22.44
30.32,51.49
-17.05,12.93
-93.53,4.96
-128.33,-28.38
-86.62,-3.20
14.74,46.04
-29.88,13.32
10.06,24.19
804.12,659.95
262.86,262.26
177.45,72.86
148.40,72.41
-94.54,-19.23
111.54,79.92
35.33,45.87
21.66,93.44
-95.87,-21.56
-76.87,13.96
9.27,-46.54
59.29,73.06
180.03,77.68
59.73,34.07
-87.80,-3.89
70.78,105.50
-78.17,-59.80
-84.67,-6.34
131.46,63.85
-42.78,20.88
106.44,58.97
99.06,89.56
112.49,87.08
112.10,43.13
105.25,127.62
95.96,77.03
183.43,65.96
-33.46,-59.43
255.29,65.01
225.91,-114.38
568.26,29.39
159.92,50.34
7.75,-68.01
-165.29,-73.94
397.79,275.82
323.31,135.51
323.77,197.59
229.09,160.50
-70.07,19.13
194.77,84.75
208.47,112.52
219.14,110.21
126.41,-59.54
92.95,118.53
161.00,73.50
89.06,-97.66
206.71,-0.55
133.96,-11.97
152.80,-114.75
399.26,161.18
594.82,13.38
278.69,-123.57
403.22,23.79
646.85,346.47
643.25,-330.54
1483.30,-276.27
459.86,-78.25
1626.50,-866.31
