50.49,225.35
173.43,169.26
223.47,153.08
225.78,150.85
222.69,144.18
216.14,130.09
-58.93,-177.72
212.63,124.77
171.99,50.54
116.05,24.44
76.94,-141.35
191.92,114.34
219.46,139.54
143.04,130.58
210.89,142.83
183.92,111.56
-40.82,-198.37
204.34,128.93
222.97,151.97
209.64,140.25
217.73,140.74
224.90,148.98
2.22,-152.17
149.51,-11.38
78.67,-49.19
56.13,-5.64
39.60,-40.31
108.61,32.58
75.15,-19.25
191.02,95.98
146.29,97.75
181.28,65.86
186.19,71.62
217.62,147.71
184.12,63.00
92.24,-106.79
-18.75,11.91
142.46,50.16
185.12,76.67
154.48,35.43
181.33,65.88
197.86,91.80
137.27,8.24
167.98,42.55
218.14,144.11
186.51,126.68
186.51,126.68
214.76,134.77
218.18,134.95
225.29,152.23
225.27,152.22
196.57,124.47
223.58,146.30
223.58,146.30
224.40,150.38
182.64,120.85
206.69,131.72
182.75,78.41
220.96,140.40
213.81,135.04
196.55,124.46
118.66,109.67
175.61,85.10
223.50,146.26
152.40,30.79
21.84,-124.80
182.76,78.41
219.46,146.97
216.75,141.16
216.75,141.16
221.84,142.35
207.22,111.15
207.22,111.15
206.60,112.27
214.29,126.48
178.05,50.15
169.84,32.32
169.99,42.90
171.03,35.14
187.93,69.13
96.07,36.67
152.40,66.51
87.78,18.88
90.81,25.27
169.18,31.37
172.18,37.71
226.17,151.66
226.17,151.73
209.66,166.72
50.84,226.22
155.40,185.18
228.12,158.72
230.29,163.23
166.80,181.08
155.54,185.30
220.82,164.14
186.81,174.15
224.91,163.42
230.41,163.30
228.12,163.15
230.41,163.30
230.41,163.30
224.96,163.46
224.95,163.45
230.43,163.31
186.88,174.19
227.37,156.60
227.82,157.60
194.41,133.85
224.75,151.01
199.48,109.19
121.16,-4.48
205.62,109.70
185.49,71.82
192.88,82.18
171.39,35.85
11.68,-279.64
-226.82,-739.13
-190.03,-678.75
-297.37,-888.42
-149.07,-642.65
184.58,77.34
216.51,133.09
136.85,47.33
205.10,108.49
210.59,120.41
145.73,47.47
123.92,-41.69
132.86,-40.67
40.02,-230.04
11.87,-279.28
-76.12,-453.19
226.99,155.77
226.99,155.77
228.21,163.21
229.62,161.55
230.49,163.35
230.49,163.35
215.93,165.36
228.19,163.20
230.44,163.32
231.82,163.89
215.88,165.32
203.16,168.88
230.43,163.32
215.82,165.28
228.09,163.14
224.90,163.43
228.08,163.13
230.37,163.28
231.67,163.81
202.98,168.78
209.77,166.76
202.70,168.61
222.09,150.06
226.10,153.83
226.08,153.82
226.09,153.84
163.16,24.07
231.88,163.92
231.86,163.91
231.86,163.91
231.84,163.90
231.84,163.90
231.83,163.89
231.84,163.90
231.84,163.90
231.84,163.89
231.84,163.89
230.55,160.97
206.30,116.22
228.38,156.23
228.40,156.26
218.04,148.61
225.73,150.68
225.73,150.68
216.30,149.67
218.13,144.09
177.62,112.62
154.08,67.62
164.18,56.16
165.32,84.03
156.91,57.09
95.74,-1.53
152.06,-4.14
129.55,-43.81
43.64,-235.50
222.71,144.37
212.31,141.20
212.31,141.20
216.27,149.65
217.39,133.19
214.30,126.71
165.03,79.05
161.70,62.54
157.74,80.05
161.63,62.50
194.26,84.75
139.07,-32.17
164.19,21.70
98.37,-78.64
142.09,4.10
145.55,11.44
199.33,94.95
109.97,32.98
185.20,65.40
199.99,96.26
193.35,82.33
117.96,-30.04
58.89,-39.62
195.91,88.11
219.09,139.01
215.63,129.27
213.66,141.87
213.66,141.87
153.38,56.82
-19.20,-63.81
119.37,31.69
125.52,-25.51
74.49,-60.52
-139.74,-296.49
-493.86,-183.58
-23.40,-177.87
-21.26,-173.36
-174.36,-145.24
-22.46,-80.06
25.61,-60.53
-143.47,-278.33
199.21,94.82
187.55,69.90
206.85,110.67
136.49,-7.75
191.84,83.47
214.38,126.62
198.28,92.21
196.10,88.48
73.10,30.35
-340.71,-334.45
15.19,-112.65
-223.75,-158.45
-119.93,-59.03
-134.62,-409.46
-408.91,-160.91
-714.15,-104.29
-368.08,-286.99
-103.53,-194.48
-389.65,-134.62
-250.89,-479.15
-237.00,-486.93
62.01,-142.73
-192.62,-240.00
-87.18,-211.41
136.40,42.22
-203.75,-116.36
-153.80,-102.21
84.12,-35.14
93.11,-128.60
-143.74,-421.34
127.59,2.33
177.27,62.83
137.78,-34.15
-134.23,-296.91
72.44,-135.61
-286.63,-932.18
200.68,126.35
171.09,78.09
180.82,121.69
218.75,136.06
217.08,132.52
217.08,132.52
219.07,136.93
219.07,136.93
214.62,127.59
214.64,127.61
201.92,103.16
121.76,34.70
20.14,-20.58
187.17,135.12
59.99,81.92
213.64,141.86
72.97,-2.72
176.74,115.44
196.00,118.53
214.25,126.70
213.25,133.93
223.51,146.26
223.51,146.26
203.98,126.05
212.27,141.18
208.21,113.89
202.13,131.41
173.19,93.89
93.71,80.46
178.36,97.70
150.16,24.07
147.16,17.74
126.52,-2.66
170.09,73.46
199.31,94.94
79.33,5.76
83.57,3.17
191.58,83.17
153.08,-2.20
136.21,-37.51
81.47,-97.01
-14.40,-252.31
113.72,-70.01
-299.69,-923.85
-644.20,12.44
-493.89,-153.29
-104.13,-144.37
-186.37,-317.27
94.05,62.73
-34.10,-283.54
180.92,124.45
107.55,-16.18
155.31,105.34
206.12,108.93
145.16,-21.16
-229.17,-670.50
-62.06,-455.23
-80.80,-211.75
47.48,-138.62
-1567.24,-728.03
132.57,27.55
132.63,69.53
195.00,94.91
203.73,104.58
217.49,135.76
217.48,135.75
170.52,107.19
100.36,-43.51
128.58,-22.69
37.77,70.15
0.74,36.56
162.36,31.99
-348.97,-783.40
-777.29,-946.81
-8.64,248.26
-505.44,-515.03
-222.51,-689.70
-512.72,-1117.70
-775.67,-477.38
-1273.70,-332.37
-162.81,-259.33
-2166.85,-939.79
-936.35,-966.47
-1819.94,-1919.35
-85.65,-111.50
-5296.35,-1156.74
-4213.67,-2143.56
-21611.58,1568.16
